9781133953999
9780132358811
9789861546100
9789261546700
9789574833252
9789862800867
9789866534102
9781133187813
9780471271802
9780132465403
9780071244749
9780138017859
9780132077859
9789867917461
9780381949037
9780387949031
9780387949031
9780321476173
9780321509680
9789862366141
9780195142525
9780195142587
9789861575605
9780929306377
9780989306317
9780137050512
9781292025735
9789863477792
9789263477798
9789861547657
9780538498876
9789862800591
9781449627324
9789868359703
9780071244749
9789861548111
9781118230749
9789863471721
9789572142950
9789574424849
9780538498876
9789814336666
9780132067119
9789864128549
9789866482090
9780495382737
9780132465588
9780273753728
9789574838110
9789861571737
9789572145876
9789579899109
9780132340434
9780321509680
9780131365841
9780470552001
9780132358811
9780321544285
9780273764526
9780131377097
9780387949031
9789863411192
9789263471192
9789263411792
9780132484589
9789862802366
9780131911659
9789574833016
9789576369148
9789572194126
9789861548012
9789867594112
9789862263457
9789862265109
9789862265130
9789862265116
9789862265123
9789862267943
9789862267950
9789862263211
9789863455417
9789862268735
9780534274092
9789862263464
9789862265192
9780071244749
9780381949037
9789577323170
9789867103000
9780132467162
9780194756129
9781337688666
9789620058035
9781259070365
9781424002511
9789866990847
9789571407333
9799579992182
9789579992185
